ITS2 type profile UID		678945	678619	678642	678947	678946	678618	683280	678786	678567	678949	678579	678907	681754	681806	680864	681837	681750	680871	680780	681840	682847	682471	682848	682624	682849	682850	682770	682472	682742	682475
Clade		A	A	A	A	A	A	A	A	A	A	A	A	C	C	C	C	C	C	C	C	D	D	D	D	D	D	D	D	D	D
Majority ITS2 sequence		A1	A1ee	A1	A1	A1	A1ee/A1	A1	A1	A1	A16	A1	A1	C3ae	C3k/C3	C3ae	C3ae	C3ae	C3ae	C3ae	C3ae	D1	D1	D1	D1	D1	D1	D1	D1	D1	D1
Associated species		None	None	None	None	None	None	None	None	None	None	None	None	None	None	None	None	None	None	None	None	None	None	None	None	None	None	None	None	None	None
ITS2 profile abundance local		17	14	12	9	8	5	4	3	3	1	1	1	60	60	32	20	18	5	2	2	55	19	17	11	9	5	2	2	2	1
ITS2 profile abundance DB		17	28	30	12	14	10	36	142	67	11	12	24	103	168	101	20	18	52	52	3	55	273	28	18	10	5	6	36	8	14
ITS2 type profile		A1-A1oc-A1ob	A1ee-A1cl-A1-A1en	A1-A1eq-A1ep	A1-A1ee-A1oc	A1-A1gb-A1ee-A1eq	A1ee/A1/A1cl	A1/A1ee-A1eq	A1/A1gb-A1ee	A1-A1z	A16-A16d-A3	A1-A1z-A1do	A1-A13f	C3ae-C3bj-C3p-C3h-C3j-C3f-C3cv-C3ba	C3k/C3	C3ae/C3k-C3bj-C3f-C3-C3p	C3ae-C3bj-C3p-C3k-C3-C3ba	C3ae-C3bj-C3p-C3k-C3cv-C3h-C3j	C3ae-C3bj-C3f-C3-C3k	C3ae/C3f-C3bj-C3-C3p-C3h-C3j	C3ae-C3bj-C3zx-C3zw	D1-D1u-D4-D1mu	D1-D4-D1u-D2-D2.2	D1-D1u-D17i-D17r-D1r-D17s	D1-D17i-D4-D1r-D17s-D17r	D1-D1u-D17i-D17r	D1-D17i-D1r-D17r-D17s	D1-D1u-D1mu-D17i-D17r	D1-D4-D2-D1u-D17i-D2.2-D1r	D1-D4-D17aq-D17ap-D17ar-D17ao	D1-D4-D1u-D2
187415	241_T27	0	0	0	0	0	0	0	0	0	0	0	0	0.8516290582546626	0.06165093253511398	0	0	0	0	0	0	0	0	0	0	0	0	0	0	0	0
187424	256_T27	0	0	0	0	0	0	0	0	0	0	0	0	0.8470230601529155	0.041360886787238614	0	0	0	0	0	0	0	0	0	0	0	0	0	0	0	0
187401	223_T12	0	0	0	0	0	0	0	0	0	0	0	0	0.8308326414422963	0.06143992408966908	0	0	0	0	0	0	0	0	0	0	0	0	0	0	0	0
187404	224_T27	0	0	0	0	0	0	0	0	0	0	0	0	0.830716345733679	0.05636962158067993	0	0	0	0	0	0	0	0	0	0	0	0	0	0	0	0
187421	243_T27	0	0	0	0	0	0	0	0	0	0	0	0	0.8284212847273262	0.05166838159635455	0	0	0	0	0	0	0	0	0	0	0	0	0	0	0	0
187409	226_T12	0	0	0	0	0	0	0	0	0	0	0	0	0.8147622007162095	0.05729675338127794	0	0	0	0	0	0	0	0	0	0	0	0	0	0	0	0
187406	225_T0_	0	0	0	0	0	0	0	0	0	0	0	0	0.8125900714439027	0.057124459571336585	0	0	0	0	0	0	0	0	0	0	0	0	0	0	0	0
187403	224_T12	0	0	0	0	0	0	0	0	0	0	0	0	0.8100395392814166	0.057074093175176206	0	0	0	0	0	0	0	0	0	0	0	0	0	0	0	0
187418	242_T27	0	0	0	0	0	0	0	0	0	0	0	0	0.8096758133950275	0.054148241426772485	0	0	0	0	0	0	0	0	0	0	0	0	0	0	0	0
187410	226_T27	0	0	0	0	0	0	0	0	0	0	0	0	0.8090208299163523	0.05550270624897491	0	0	0	0	0	0	0	0	0	0	0	0	0	0	0	0
187535	834_T27	0	0	0	0	0	0	0	0	0	0	0	0	0.8050116731517509	0.05326070038910506	0	0	0	0	0	0	0	0	0	0	0	0	0	0	0	0
187414	241_T12	0	0	0	0	0	0	0	0	0	0	0	0	0.8046574723038661	0.061561319078841124	0	0	0	0	0	0	0	0	0	0	0	0	0	0	0	0
187407	225_T12	0	0	0	0	0	0	0	0	0	0	0	0	0.8031796036484853	0.06300597091468553	0	0	0	0	0	0	0	0	0	0	0	0	0	0	0	0
187420	243_T12	0.010131808797840241	0	0	0	0	0	0	0	0	0	0	0	0.8001588057805304	0.05967921232332857	0	0	0	0	0	0	0	0	0	0	0	0	0	0	0	0
187423	256_T12	0	0	0	0	0	0	0	0	0	0	0	0	0.8000302206104564	0.06010879419764279	0	0	0	0	0	0	0	0	0	0	0	0	0	0	0	0
187417	242_T12	0	0	0	0	0	0	0	0	0	0	0	0	0.7987012987012988	0.059461611185749115	0	0	0	0	0	0	0	0	0	0	0	0	0	0	0	0
187441	335_T27	0	0	0	0	0	0	0	0	0	0	0	0	0.777605173889611	0.0658149193164886	0	0	0	0	0	0	0	0	0	0	0	0	0	0	0	0
187431	316_T0	0	0	0	0	0	0	0	0	0	0	0	0	0.7685430788879065	0.07355011952713102	0	0	0	0	0	0	0	0	0	0	0	0	0	0	0	0
187448	342_T12	0	0	0	0	0	0	0	0	0	0	0	0	0.7635644589000592	0.07528829095209935	0	0	0	0	0	0	0	0	0	0	0	0	0	0	0	0
187432	316_T12	0	0	0	0	0	0	0	0	0	0	0	0	0.7597496241293609	0.07499002792181891	0	0	0	0	0	0	0	0	0	0	0	0	0	0	0	0
187426	312_T12	0	0	0	0	0	0	0	0	0	0	0	0	0.7594630364908299	0.07392701833995084	0	0	0	0	0	0	0	0	0	0	0	0	0	0	0	0
187451	343_T12	0	0	0	0	0	0	0	0	0	0	0	0	0.7589042300589218	0.07435581743030516	0	0	0	0	0	0	0	0	0	0	0	0	0	0	0	0
187466	436_T12	0	0	0	0	0	0	0	0	0	0	0	0	0.7579561178098438	0.06710812413520459	0	0	0	0	0	0	0	0	0	0	0	0	0	0	0	0
187475	444_T12	0	0	0	0	0	0	0	0	0	0	0	0	0.7556921675774135	0.07549440541243821	0	0	0	0	0	0	0	0	0	0	0	0	0	0	0	0
187438	334_T27	0	0	0	0	0	0	0	0	0	0	0	0	0.7520615041230082	0.07325314650629301	0	0	0	0	0	0	0	0	0	0	0	0	0	0	0	0
187437	334_T12	0	0	0	0	0	0	0	0	0	0	0	0	0.7495731360273193	0.07238273795574007	0	0	0	0	0	0	0	0	0	0	0	0	0	0	0	0
187429	313_T12	0	0	0	0	0	0	0	0	0	0	0	0	0.7486690681883388	0.07351206605247218	0	0	0	0	0	0	0	0	0	0	0	0	0	0	0	0
187473	443_T12	0	0	0	0	0	0	0	0	0	0	0	0	0.7459508537621181	0.06689511759365023	0	0	0	0	0	0	0	0	0.017045953782620155	0	0	0	0	0	0	0
187464	435_T12	0	0	0	0	0	0	0	0	0	0	0	0	0.7446317543747195	0.07294404204858662	0	0	0	0	0	0	0	0	0.010672392795333632	0	0	0	0	0	0	0
187539	836_T27	0	0	0	0	0	0	0	0	0	0	0	0	0.7420034642032333	0.051530023094688224	0	0	0	0	0	0	0	0	0.0734122401847575	0	0	0	0	0	0	0
187439	335_T0	0.06324776396794053	0	0	0	0	0	0	0	0	0	0	0	0.7289174120106866	0.07085608084562667	0	0	0	0	0	0	0	0	0	0	0	0	0	0	0	0
187455	421_T12	0	0	0	0	0	0	0	0	0	0	0	0	0.7239272470422038	0.07402436870916475	0	0	0	0	0	0	0	0	0.03634116192830655	0	0	0	0	0	0	0
187457	422_T12	0	0	0	0	0	0	0	0	0	0	0	0	0.6923917256933432	0.06522888254572365	0	0	0	0	0	0	0	0	0	0.07393311484653065	0	0	0	0	0	0
187477	452_T12	0	0	0	0	0	0	0	0	0	0	0	0	0.6851817678538475	0.0658793135264809	0	0	0	0	0	0	0	0	0.06815525619733039	0	0	0	0	0	0	0
187400	223_T0	0.18897256961238165	0	0	0	0	0	0	0	0	0	0	0	0.6750155461894561	0.04570579700131279	0	0	0	0	0	0	0	0	0	0	0	0	0	0	0	0
187484	513_T12	0	0	0	0.024908755691011027	0	0	0	0	0	0	0	0	0.6494337208864808	0.06355119087933174	0	0	0	0	0	0	0	0	0	0.10215599954848177	0	0	0	0	0	0
187413	241_T0	0.21590554997749542	0	0	0	0	0	0	0	0	0	0	0	0.6346293667555309	0.05030640861406364	0	0	0	0	0	0	0	0	0	0	0	0	0	0	0	0
187398	221_T0	0.2888349514563107	0	0	0	0	0	0	0	0	0	0	0	0.5742655402849578	0.04255453284579498	0	0	0	0	0	0	0	0	0	0	0	0	0	0	0	0
187532	833_T12	0	0	0	0	0	0	0	0	0	0	0	0	0.545790381029448	0.04288780213207614	0	0	0	0	0	0	0	0	0.2955353059142244	0	0	0	0	0	0	0
187412	235_T0	0.3242711197094661	0	0	0	0	0	0	0	0	0	0	0	0.5329056783083868	0.03811560262023555	0	0	0	0	0	0	0	0	0	0	0	0.012456301123442962	0	0	0	0
187527	812_T12	0	0	0	0	0	0	0	0	0	0	0	0	0.5277596128694743	0.039661260789955535	0	0	0	0	0	0	0	0	0.3153282762228616	0	0	0	0	0	0	0
187405	225_T0	0.351310014629605	0	0	0	0	0	0	0	0	0	0	0	0.5159928181939087	0.038602207740391005	0	0	0	0	0	0	0	0	0	0	0	0	0	0	0	0
187472	443_T0	0	0	0	0	0	0	0	0	0	0	0	0	0.5045454545454546	0.04304075235109718	0	0	0	0	0	0	0	0	0.34191222570532914	0	0	0	0	0	0	0
187476	452_T0	0	0	0	0	0	0	0	0	0	0	0	0	0.47293906138806696	0.03516985654893442	0	0	0	0	0	0	0	0	0	0	0.3496760178283831	0	0	0	0	0
187458	424_T0	0	0	0	0	0	0	0	0	0	0	0	0	0.4671585948867179	0.04569389593293147	0	0	0	0	0	0	0	0	0.3435183260583385	0	0	0	0	0	0	0
187456	422_T0	0	0	0	0	0	0	0	0	0	0	0	0	0.4625791495103976	0.04300889242586761	0	0	0	0	0	0	0	0	0.35849970589252966	0	0	0	0	0	0	0
187463	435_T0	0	0	0	0	0	0	0	0	0	0	0	0	0.4543595091040346	0.038862597256757836	0	0	0	0	0	0	0	0	0	0	0.39480227801395684	0	0	0	0	0
187534	834_T12	0	0	0	0	0	0	0	0	0	0	0	0	0.43717747363697557	0.03788048762246653	0	0	0	0	0	0	0	0	0.3970533243586867	0	0	0	0	0	0	0
187540	844_T0	0	0	0	0	0	0	0	0	0	0	0	0	0	0	0	0	0	0	0	0	0.9477425299460313	0	0	0	0	0	0	0	0	0
187394	1055_T0	0	0	0	0	0	0	0	0	0	0	0	0	0	0	0	0	0	0	0	0	0.9473142220985249	0	0	0	0	0	0	0	0	0
187525	811_T0	0	0	0	0	0	0	0	0	0	0	0	0	0	0	0	0	0	0	0	0	0.9464240824534943	0	0	0	0	0	0	0	0	0
187392	1054_T0	0	0	0	0	0	0	0	0	0	0	0	0	0	0	0	0	0	0	0	0	0.9449393148362443	0	0	0	0	0	0	0	0	0
187545	856_T0	0	0	0	0	0	0	0	0	0	0	0	0	0	0	0	0	0	0	0	0	0.9440425584806224	0	0	0	0	0	0	0	0	0
187529	821_T0	0	0	0	0	0	0	0	0	0	0	0	0	0	0	0	0	0	0	0	0	0.9438191679468289	0	0	0	0	0	0	0	0	0
187537	836_T0	0	0	0	0	0	0	0	0	0	0	0	0	0	0	0	0	0	0	0	0	0.9430773197352966	0	0	0	0	0	0	0	0	0
187564	952_T0	0	0	0	0	0	0	0	0	0	0	0	0	0	0	0	0	0	0	0	0	0.9430619021006608	0	0	0	0	0	0	0	0	0
187531	833_T0	0	0	0	0	0	0	0	0	0	0	0	0	0	0	0	0	0	0	0	0	0.9426619331502444	0	0	0	0	0	0	0	0	0
187542	853_T0	0	0	0	0	0	0	0	0	0	0	0	0	0	0	0	0	0	0	0	0	0.9424871828578941	0	0	0	0	0	0	0	0	0
187395	1056_T0	0	0	0	0	0	0.0077118289107349644	0	0	0	0	0	0	0	0	0	0	0	0	0	0	0.9423460714021732	0	0	0	0	0	0	0	0	0
187396	1056_T12	0	0	0	0	0	0	0	0	0	0	0	0	0	0	0	0	0	0	0	0	0.9423268870867124	0	0	0	0	0	0	0	0	0
187536	835_T0	0	0	0	0	0	0	0	0	0	0	0	0	0	0	0	0	0	0	0	0	0.9417383503087235	0	0	0	0	0	0	0	0	0
187533	834_T0	0	0	0	0	0	0	0	0	0	0	0	0	0	0	0	0	0	0	0	0	0.9415839219299142	0	0	0	0	0	0	0	0	0
187566	956_T12	0	0	0	0	0	0	0	0	0	0	0	0	0	0	0	0	0	0	0	0	0.941351888667992	0	0	0	0	0	0	0	0	0
187543	853_T12	0	0	0	0	0	0	0	0	0	0	0	0	0	0	0	0	0	0	0	0	0.9390379381214242	0	0	0	0	0	0	0	0	0
187562	941_T0	0	0	0	0	0	0	0	0	0	0	0	0	0	0	0	0	0	0	0	0	0.9386109641067147	0	0	0	0	0	0	0	0	0
187559	934_T0	0	0	0	0	0	0	0	0	0	0	0	0	0	0	0	0	0	0	0	0	0.936673644777435	0	0	0	0	0	0	0	0	0
187530	822_T0	0	0	0	0	0	0	0	0	0	0	0	0	0	0	0	0	0	0	0	0.008098833218943034	0.9359986273164036	0	0	0	0	0	0	0	0	0
187555	932_T0	0	0	0	0	0	0	0	0	0	0	0	0	0	0	0	0	0	0	0	0	0.9358744929611071	0	0	0	0	0	0	0	0	0
187565	956_T0	0	0	0	0	0	0	0	0	0	0	0	0	0	0	0	0	0	0	0	0	0.9351079216733422	0	0	0	0	0	0	0	0	0
187563	951_T0	0	0	0.00797889453703108	0	0	0	0	0	0	0	0	0	0	0	0	0	0	0	0	0	0.9320828775497072	0	0	0	0	0	0	0	0	0
187384	1035_T0	0	0.010338345864661655	0	0	0	0	0	0	0	0	0	0	0	0	0	0	0	0	0	0	0.9315084586466166	0	0	0	0	0	0	0	0	0
187528	814_T0	0	0	0	0	0	0	0	0	0	0	0	0	0	0	0.01318562689559451	0	0	0	0	0	0.9282372898781679	0	0	0	0	0	0	0	0	0
187551	924_T0	0	0	0.013294694072657744	0	0	0	0	0	0	0	0	0	0	0	0	0	0	0	0	0	0.9282086520076481	0	0	0	0	0	0	0	0	0
187556	933_T0	0	0	0.013552048335639064	0	0	0	0	0	0	0	0	0	0	0	0	0	0	0	0	0	0.9263107371749626	0	0	0	0	0	0	0	0	0
187526	812_T0	0	0	0	0	0	0	0	0	0	0	0	0	0.023123792539753305	0.0013969386238668448	0	0	0	0	0	0	0.9141328577797593	0	0	0	0	0	0	0	0	0
187389	1042_T0	0	0.033395452851285874	0	0	0	0	0	0	0	0	0	0	0	0	0	0	0	0	0	0	0.9082370480805069	0	0	0	0	0	0	0	0	0
187560	934_T12	0	0	0.03902456699760852	0	0	0	0	0	0	0	0	0	0	0	0	0	0	0	0	0.011232698021595766	0.8958982534966301	0	0	0	0	0	0	0	0	0
187380	1023_T0	0	0	0	0	0	0.06219935115784764	0	0	0	0	0	0	0	0	0	0	0	0	0	0	0.8864805906700973	0	0	0	0	0	0	0	0	0
187393	1054_T12	0	0	0	0	0	0	0.07785610934950589	0	0	0	0	0	0	0	0	0	0	0	0	0	0.8750731151679341	0	0	0	0	0	0	0	0	0
187550	916_T0	0	0	0.07549471804790954	0	0	0	0	0	0	0	0	0	0	0	0	0	0	0	0	0	0.8654069334920398	0	0	0	0	0	0	0	0	0
187554	925_T0	0	0	0.07884451497252343	0	0	0	0	0	0	0	0	0	0	0	0	0	0	0	0	0	0.8611184577860059	0	0	0	0	0	0	0	0	0
187549	913_T0	0	0	0.09909725770737525	0	0	0	0	0	0	0	0	0	0	0	0	0	0	0	0	0	0.8475898484074263	0	0	0	0	0	0	0	0	0
187546	911_T0	0	0	0.09239790327834868	0	0	0	0	0	0	0	0	0	0	0	0	0	0	0	0	0	0.8474842301655463	0	0	0	0	0	0	0	0	0
187375	1014_T0	0	0	0	0	0	0.09446925455170045	0	0	0	0	0	0	0	0	0	0	0	0	0	0	0.835451734799038	0	0	0	0	0	0	0	0	0
187544	854_T12	0	0	0	0	0	0	0	0	0	0	0	0	0.12212877705016123	0.00867599640993252	0	0	0	0	0	0	0.7838978825250141	0	0	0	0	0	0	0	0	0
187547	911_T12	0	0	0.16935724557071924	0	0	0	0	0	0	0	0	0	0	0	0	0	0	0	0	0	0.7744254822693111	0	0	0	0	0	0	0	0	0
187541	844_T12	0	0	0	0	0	0	0	0	0	0	0	0	0.1590509968664991	0.00984814572500947	0	0	0	0	0	0	0.7436383044660997	0	0	0	0	0	0	0	0	0
187382	1026_T0	0	0.20212892837974836	0	0	0	0	0	0	0	0	0	0	0	0	0	0	0	0	0	0	0.7341224879241458	0	0	0	0	0	0	0	0	0
187387	1041_T0	0	0.21350769326800037	0	0	0	0	0	0	0	0	0	0	0	0	0	0	0	0	0	0	0.723822602290815	0	0	0	0	0	0	0	0	0
187378	1021_T0	0	0.2179084530571333	0	0	0	0	0	0	0	0	0	0	0	0	0	0	0	0	0	0	0.7179752756431673	0	0	0	0	0	0	0	0	0
187391	1043_T0	0	0	0	0	0	0.2042131267944181	0	0	0	0	0	0	0	0	0	0	0	0	0	0	0.710389263537424	0	0	0	0	0	0	0	0	0
187557	933_T12	0	0	0.3106411379468569	0	0	0	0	0	0	0	0	0	0	0	0	0	0	0	0	0	0.6348809076878155	0	0	0	0	0	0	0	0	0
187379	1021_T12	0	0.32298537625957846	0	0	0	0	0	0	0	0	0	0	0	0	0	0	0	0	0	0	0.6171443006708395	0	0	0	0	0	0	0	0	0
187552	924_T12	0	0	0.3398663697104677	0	0	0	0	0	0	0	0	0	0	0	0	0	0	0	0	0	0.6052895322939866	0	0	0	0	0	0	0	0	0
187390	1042_T12	0	0.35172575722000465	0	0	0	0	0	0	0	0	0	0	0	0	0	0	0	0	0	0	0.5887029148358098	0	0	0	0	0	0	0	0	0
187397	1056_T27	0	0.3858314690529456	0	0	0	0	0	0	0	0	0	0	0	0	0	0	0	0	0	0	0.5499776286353467	0	0	0	0	0	0	0	0	0
187381	1023_T12	0	0.40620277284972733	0	0	0	0	0	0	0	0	0	0	0.020040738550496092	0.001576976148235758	0	0	0	0	0	0	0.5053222945002958	0	0	0	0	0	0	0	0	0
187388	1041_T12	0	0.3984509187542535	0	0	0	0	0	0	0	0	0	0	0	0	0	0.053764137796934244	0	0	0	0	0.4749975694331918	0	0	0	0	0	0	0	0	0
187558	933_T27	0	0	0.4634825509246648	0	0	0	0	0	0	0	0	0	0	0	0.017070734586397893	0	0	0	0	0	0.45252580283906896	0	0	0	0	0	0	0	0	0
187376	1014_T12	0	0.36813236764750445	0	0	0	0	0	0	0	0	0	0	0	0	0	0.10039698172671899	0	0	0	0	0.4314979241795206	0	0	0	0	0	0	0	0	0
187548	911_T27	0.21706766917293233	0	0	0	0	0	0	0	0	0	0	0	0	0	0	0	0.2569548872180451	0	0	0	0.4014285714285714	0	0	0	0	0	0	0	0	0
187385	1035_T12	0	0.36215625930705847	0	0	0	0	0	0	0	0	0	0	0	0	0	0	0.1600979516198418	0	0	0	0.37228233892584134	0	0	0	0	0	0	0	0	0
187501	712_T12	0	0	0	0	0	0	0	0	0	0	0	0	0	0	0.8658912474556557	0	0	0	0	0	0	0	0	0	0	0	0	0	0	0
187507	721_T12	0	0	0	0	0	0	0	0	0	0	0	0	0	0	0.8634889660515971	0	0	0	0	0	0	0	0	0	0	0	0	0	0	0
187425	312_T0	0	0	0	0	0	0	0	0	0	0	0	0	0	0	0.8498345501339356	0	0	0	0	0	0	0	0	0	0	0	0	0	0	0
187503	714_T12	0	0	0	0	0	0	0	0	0	0	0	0	0	0	0.8480923800498403	0	0	0	0	0	0	0	0	0	0	0	0	0	0	0
187508	721_T27	0	0	0	0	0	0	0	0	0	0	0	0	0	0	0.8432484274068432	0	0	0	0	0	0	0	0	0	0	0	0	0	0	0
187442	336_T0	0	0	0	0	0	0	0	0	0	0	0	0	0	0	0.8357364998586372	0	0	0	0	0	0	0	0	0	0	0	0	0	0	0
187446	341_T27	0	0	0	0	0	0	0	0	0	0	0	0	0	0	0.8296869841841481	0	0	0	0	0	0	0	0	0	0	0	0	0	0	0
187523	754_T12	0	0	0	0	0	0	0	0	0	0	0	0	0	0	0.823720802794712	0	0	0	0	0	0	0	0	0	0	0.015754503733132405	0	0	0	0
187561	934_T27	0	0	0	0	0	0	0	0	0	0	0	0	0	0	0.7980563049041987	0	0	0	0	0	0	0	0.05135920315418137	0	0	0	0	0	0	0
187433	331_T0	0.029603661505501994	0	0	0	0	0	0	0	0	0	0	0	0	0	0.7946895186158989	0	0	0	0	0	0	0	0	0	0	0	0	0	0	0
187506	721_T0	0	0	0	0	0	0	0	0.050267174351262274	0	0	0	0	0	0	0.7926919015774486	0	0	0	0	0	0	0	0.05263494704508367	0	0	0	0	0	0	0
187502	714_T0	0	0	0	0	0	0	0	0	0	0	0	0	0	0	0.7644533381844643	0	0	0	0	0	0	0	0	0.07793341822812444	0	0	0	0	0	0
187512	742_T12	0	0	0	0	0	0	0	0	0	0	0	0	0	0	0.7612641665898829	0	0	0	0	0	0	0	0	0	0	0.05228968948677785	0	0	0	0
187524	756_T0	0	0	0	0.16208389641192533	0	0	0	0	0	0	0	0	0	0	0.6394550318541604	0	0	0	0	0	0	0	0	0	0	0	0	0.08557875286135856	0	0
187520	751_T27	0	0	0	0.23034474574259775	0	0	0	0	0	0	0	0	0	0	0.6158547439624992	0	0	0	0	0	0	0	0	0	0	0.033554856702070854	0	0	0	0
187511	742_T0	0	0	0	0	0	0	0	0	0	0	0	0	0	0	0.5718404613166747	0	0	0	0	0	0	0	0	0.28880345987506006	0	0	0	0	0	0
187505	716_T0	0	0	0	0.15957126739375707	0	0	0	0	0	0	0	0	0	0	0.540428732606243	0	0	0	0	0	0	0	0	0	0	0	0	0.1708160962767958	0	0
187509	723_T0	0	0	0	0.03734197967139058	0	0	0	0	0	0	0	0	0	0	0.5305475609311815	0	0	0	0	0	0	0	0.3215417683704324	0	0	0	0	0	0	0
187553	924_T27	0.16414316345043709	0	0	0	0	0	0	0	0	0	0	0	0	0	0.47273626917367634	0	0	0	0	0	0	0	0	0	0	0	0.23869371598218703	0	0	0
187513	743_T0	0	0	0	0	0	0	0	0	0	0	0	0	0	0	0.4627941943600602	0	0	0	0	0	0	0.47377949614900733	0	0	0	0	0	0	0	0
187519	751_T12	0	0	0	0.4054184143574228	0	0	0	0	0	0	0	0	0	0	0.4445093859588806	0	0	0	0	0	0	0	0	0	0	0.023550849205803477	0	0	0	0
187470	442_T12	0	0	0	0	0	0	0	0	0	0	0	0	0	0	0	0.8246649649010849	0	0	0	0	0	0	0	0	0.012603701340140397	0	0	0	0	0
187427	312_T27	0	0	0	0	0	0	0	0	0	0	0	0	0	0	0	0.813564808003531	0	0	0	0	0	0	0	0	0	0	0	0	0	0
187447	342_T0	0	0	0	0	0	0	0	0	0	0	0	0	0	0	0	0.8082716740854288	0	0	0	0	0	0	0	0	0	0	0	0	0	0
187460	424_T27	0	0	0	0	0	0	0	0	0	0	0	0	0	0	0	0.798753836138752	0	0	0	0	0	0	0	0	0	0	0	0	0	0
187434	332_T0	0.011221799003808966	0	0	0	0	0	0	0	0	0	0	0	0	0	0	0.7892469967770289	0	0	0	0	0	0	0	0	0	0	0	0	0	0
187436	334_T0	0.02573340195573855	0	0	0	0	0	0	0	0	0	0	0	0	0	0	0.7859667181334705	0	0	0	0	0	0	0	0	0	0	0	0	0	0
187450	343_T0	0.02189117744244961	0	0	0	0	0	0	0	0	0	0	0	0	0	0	0.7850809560524287	0	0	0	0	0	0	0	0	0	0	0	0	0	0
187443	336_T12	0	0	0	0	0	0	0	0	0	0	0	0	0	0	0	0.7792674661873472	0	0	0	0	0	0	0	0	0	0	0	0	0	0
187459	424_T12	0	0	0	0	0	0	0	0	0	0	0	0	0	0	0	0.7739583688209043	0	0	0	0	0	0	0	0	0	0	0	0	0	0
187445	341_T12	0	0	0	0	0	0	0	0	0	0	0	0	0	0	0	0.7693366093366093	0	0	0	0	0	0	0	0	0	0	0	0	0	0
187428	313_T0	0.0142666468930743	0	0	0	0	0	0	0	0	0	0	0	0	0	0	0.7677888180335162	0	0	0	0	0	0	0	0	0	0	0	0	0	0
187468	441_T12	0	0	0	0	0	0	0	0	0	0	0	0	0	0	0	0.7562626744602171	0	0	0	0	0	0	0.018042466897292136	0	0	0	0	0	0	0
187462	425_T12	0	0	0	0	0	0	0	0	0	0	0	0	0	0	0	0.7557700958510676	0	0	0	0	0	0	0.01795909893075885	0	0	0	0	0	0	0
187500	712_T0	0	0	0	0	0	0	0	0	0	0	0	0	0	0	0	0.7311701711317465	0	0	0	0	0	0	0	0.08257729391254848	0	0	0	0	0	0
187517	746_T12	0	0	0	0	0	0	0	0	0	0	0	0	0	0	0	0.7038903924221921	0	0	0	0	0	0	0	0.11187415426251691	0	0	0	0	0	0
187514	744_T12	0	0	0	0	0	0	0	0	0	0	0	0	0	0	0	0.6744735102464823	0	0	0	0	0	0	0	0.15890704189882582	0	0	0	0	0	0
187465	436_T0	0	0	0	0	0	0	0	0	0	0	0	0	0	0	0	0.557772751216187	0	0	0	0	0	0	0	0	0.2779413131720014	0	0	0	0	0
187452	415_T0	0	0	0	0	0	0	0	0	0	0	0	0	0	0	0	0.43713212458221185	0	0	0	0	0	0	0	0.3763494927386199	0	0	0	0	0	0
187495	545_T0	0	0	0	0	0	0	0	0	0	0	0	0	0	0	0	0	0	0	0	0	0	0.9833665586842761	0	0	0	0	0	0	0	0
187489	531_T0	0	0	0	0	0	0	0	0	0	0	0	0	0	0	0	0	0	0	0	0	0	0.9805899738547231	0	0	0	0	0	0	0	0
187491	532_T0	0	0	0	0	0	0	0	0	0	0	0	0	0	0	0	0	0	0	0	0	0	0.9800187526269843	0	0	0	0	0	0	0	0
187494	544_T0	0	0	0	0	0	0	0	0	0	0	0	0	0	0	0	0	0	0	0	0	0	0.979305706451446	0	0	0	0	0	0	0	0
187498	546_T0	0	0	0	0	0	0	0.026448211825316	0	0	0	0	0	0	0	0	0	0	0	0	0	0	0.9303600311507818	0	0	0	0	0	0	0	0
187492	533_T0	0	0	0	0	0.08867293384854952	0	0	0	0	0	0	0	0	0	0.012486302554933965	0	0	0	0	0	0	0.8708403022088933	0	0	0	0	0	0	0	0
187478	511_T0	0	0	0	0	0.11113819899436234	0	0	0	0	0	0	0	0	0	0	0	0	0	0	0	0	0.8375133323175377	0	0	0	0	0	0	0	0
187483	513_T0	0	0	0	0	0.14030612244897958	0	0	0	0	0	0	0	0	0	0	0	0	0	0	0	0	0.8247732426303854	0	0	0	0	0	0	0	0
187486	524_T0	0	0	0	0	0.17498857776907514	0	0	0	0	0	0	0	0	0	0	0	0	0	0	0	0	0.7908752692383003	0	0	0	0	0	0	0	0
187480	512_T0	0	0	0	0	0.22316786093074992	0	0	0	0	0	0	0	0	0	0	0	0	0	0	0	0	0.7214993403523294	0	0	0	0	0	0	0	0
187488	526_T0	0	0	0	0	0	0	0.28113059540980284	0	0	0	0	0	0	0	0	0	0	0	0	0	0	0.6839747969331208	0	0	0	0	0	0	0	0
187518	751_T0	0	0	0	0	0	0	0	0	0	0	0	0	0	0	0	0	0	0.24050840777719393	0	0	0	0.6793221229637414	0	0	0	0	0	0	0	0
187487	525_T0	0	0	0	0	0.33210922787193975	0	0	0	0	0	0	0	0	0	0	0	0	0	0	0	0	0.6148775894538606	0	0	0	0	0	0	0	0
187479	511_T12	0	0	0	0	0	0	0.36001498076333793	0	0	0	0	0	0	0	0.01784072724796568	0	0	0	0	0	0	0.5726056314051275	0	0	0	0	0	0	0	0
187521	752_T0	0	0	0	0	0	0	0	0	0	0	0	0	0	0	0.41237928875119473	0	0	0	0	0	0	0.5144853498566296	0	0	0	0	0	0	0	0
187510	731_T0	0	0	0	0.020757597789733895	0	0	0	0	0	0	0	0	0	0	0.3486622073578596	0	0	0	0	0	0	0.5137051039697542	0	0	0	0	0	0	0	0
187516	745_T27	0	0	0	0	0	0	0	0	0	0	0	0	0	0	0	0	0.8105728347115738	0	0	0	0	0	0	0	0	0	0	0	0	0
187449	342_T27	0	0	0	0	0	0	0	0	0	0	0	0	0	0	0	0	0.8040492387431163	0	0	0	0	0	0	0	0	0	0	0	0	0
187430	313_T27	0	0	0	0	0	0	0	0	0	0	0	0	0	0	0	0	0.7992567339291747	0	0	0	0	0	0	0	0	0	0	0	0	0
187497	545_T27	0	0	0	0	0	0	0	0	0	0	0	0	0	0	0	0	0.7967338217338217	0	0	0	0	0	0	0	0	0	0	0	0	0
187453	415_T12	0	0	0	0	0	0	0	0	0	0	0	0	0	0	0	0	0.7927559994037859	0	0	0	0	0	0	0	0	0	0	0	0	0
187471	442_T27	0	0	0	0	0	0	0	0	0	0	0	0	0	0	0	0	0.7860452887238308	0	0	0	0	0	0	0	0	0	0	0	0	0
187440	335_T12	0	0	0	0	0	0	0	0	0	0	0	0	0	0	0	0	0.7768078383232171	0	0	0	0	0	0	0	0	0	0	0	0	0
187435	333_T0	0	0	0	0	0	0	0	0	0	0	0	0	0	0	0	0	0.775064627651291	0	0	0	0	0	0	0	0	0	0	0	0	0
187485	513_T27	0	0	0	0	0	0	0	0	0	0	0	0	0	0	0	0	0.7723643568972551	0	0	0	0	0	0	0	0	0	0	0	0	0
187444	341_T0	0.006866236724740912	0	0	0	0	0	0	0	0	0	0	0	0	0	0	0	0.7722591202233131	0	0	0	0	0	0	0	0	0	0	0	0	0
187474	444_T0	0	0	0	0	0	0	0	0	0	0	0	0	0	0	0	0	0.5815408828599266	0	0	0	0	0	0	0.22993329835868997	0	0	0	0	0	0
187461	425_T0	0	0	0	0	0	0	0	0	0	0	0	0	0	0	0	0	0.5727343056072892	0	0	0	0	0	0	0	0.23807340763874962	0	0	0	0	0
187454	421_T0	0	0	0	0	0	0	0	0	0	0	0	0	0	0	0	0	0.5111074434725202	0	0	0	0	0	0	0	0.34121142102657204	0	0	0	0	0
187467	441_T0	0	0	0	0	0	0	0	0	0	0	0	0	0	0	0	0	0.4149224741301363	0	0	0	0	0	0	0	0.4393690767221459	0	0	0	0	0
187416	242_T0	0.618854647692646	0	0	0	0	0	0	0	0	0	0	0	0	0	0	0	0	0	0.28052649765966137	0	0	0	0	0	0	0	0	0	0	0
187399	222_T0	0.5259716672720668	0	0	0	0	0	0	0	0	0	0	0	0.36000121080033903	0.02642571739920087	0	0	0	0	0	0	0	0	0	0	0	0	0	0	0	0
187386	1035_T27	0	0.5587968781970711	0	0	0	0	0	0	0	0	0	0	0	0	0.30706497910028935	0	0	0	0	0	0	0	0	0	0.011429072520534331	0	0	0	0	0
187383	1026_T12	0	0.4715406687357264	0	0	0	0	0	0	0	0	0	0	0.16047900685132047	0.013146337178661356	0	0	0	0	0	0	0.2616091819406219	0	0	0	0	0	0	0	0	0
187493	533_T12	0	0	0	0.46668773704171934	0	0	0	0	0	0	0	0	0.2912768647281922	0.023735777496839444	0	0	0	0	0	0	0	0	0	0.1254740834386852	0	0	0	0	0	0
187496	545_T12	0	0	0	0.37015945330296124	0	0	0	0	0	0	0	0	0.23826879271070617	0.019874715261958997	0	0	0	0	0	0	0	0.27343394077448746	0	0	0	0	0	0	0	0
187469	442_T0	0	0	0	0	0	0	0	0	0	0	0	0	0	0	0	0	0.2972888262027895	0	0	0	0	0	0	0	0.6081491929164707	0	0	0	0	0
187490	531_T12	0	0	0	0	0.5458120214055524	0	0	0	0	0	0	0	0	0	0.03080743872512787	0	0	0	0	0	0	0	0	0	0	0	0	0	0.3565325370310144	0
187377	1014_T27	0	0	0	0	0	0.005581710032982832	0	0	0	0	0	0	0	0	0	0	0	0.8837425647675697	0	0	0	0	0	0	0	0	0	0	0	0
187504	714_T27	0	0	0	0	0	0	0	0	0	0	0	0	0	0	0	0	0	0.8814702866087333	0	0	0	0	0	0	0	0	0	0	0	0
187515	745_T12	0	0	0	0	0	0	0	0	0	0	0	0	0	0	0	0	0	0.7858398049997166	0	0	0	0	0.14647695708860042	0	0	0	0	0	0	0
187522	754_T0	0	0	0	0	0	0	0	0	0	0	0	0	0	0	0	0	0	0.5580605820890603	0	0	0	0.37713833679422526	0	0	0	0	0	0	0	0
187481	512_T12	0	0	0	0	0	0	0	0.7921345207146412	0	0	0	0	0	0	0.008711765031251728	0	0	0	0	0	0	0	0	0	0	0	0	0	0.15053376846064495	0
187482	512_T27	0	0	0	0	0	0	0	0.5842847157502329	0	0	0	0	0	0	0	0	0.25987301957129544	0	0	0	0	0	0	0.04027842497670084	0	0	0	0	0	0
187402	224_T0	0	0	0	0	0	0	0	0	0.7166729855055557	0	0	0	0	0	0	0	0	0	0.19735192044095773	0	0	0	0	0	0	0	0	0	0	0
187419	243_T0	0	0	0	0	0	0	0	0	0.6843566247798705	0	0	0	0.21678655642778258	0.013521177208011222	0	0	0	0	0	0	0	0	0	0	0	0	0	0	0	0
187411	234_T0	0	0	0	0	0	0	0	0	0.6688458708326257	0	0	0	0.24022188260598856	0.016273277862681835	0	0	0	0	0	0	0	0	0	0	0	0	0	0	0	0
187538	836_T12	0	0	0	0	0	0	0	0	0	0	0	0	0.3108540162826725	0.021787138666402982	0	0	0	0	0	0	0	0	0	0	0	0	0.5449421536636013	0	0	0
187567	NEG1_1	0	0	0	0	0	0	0	0	0	0.966010733452594	0	0	0	0	0	0	0	0	0	0	0	0	0	0	0	0	0	0	0	0
187408	226_T0	0	0	0	0	0	0	0	0	0	0	0.5992197198084767	0	0	0	0.3179641780457528	0	0	0	0	0	0	0	0	0	0	0	0	0	0	0
187499	546_T12	0	0	0	0	0.434025362512708	0	0	0	0	0	0	0	0.05546043126973085	0.0038525335759002624	0	0	0	0	0	0	0	0	0	0	0	0	0	0	0	0.4474824763229708
187422	256_T0	0	0	0	0	0	0	0	0	0	0	0	0.7744933445257225	0	0	0.15823240196666266	0	0	0	0	0	0	0	0	0	0	0	0	0	0	0
187568	NEG1_2	0	0	0	0	0	0	0	0	0	0	0	0	0	0	0	0	0	0	0	0	0	0	0	0	0	0	0	0	0	0
Sequence accession / SymPortal UID		883-1756291-57993	1847-883-2061-73321	883-1474-1480	883-1847-1756291	883-59904-1847-1474	1847/883-2061	883-1847-1474	883-59904-1847	883-930	34406-22385-33816	883-930-7327	883-30814	26-30-167-72-29-28-60-31		26-30-167-37-32-28	26-30-167-37-32-72	26-30-167-37-60-29-31	26-30-37-32-28	26-30-167-28-32-29-31	26-30-914781-46465	853-10613-854-73594	853-854-10613-855-10403	853-21094-10613-21095-21096-944	853-21094-21095-21096-854-944	853-10613-21094-21095	853-21094-944-21095-21096	853-10613-21094-73594-21095	853-21094-854-10613-944-10403-855	853-854-2102-2131-2795-908	853-854-10613-855
Average defining sequence proportions and [stdev]		0.913[0.041]-0.053[0.024]-0.034[0.018]	0.782[0.034]-0.123[0.023]-0.076[0.010]-0.019[0.006]	0.945[0.020]-0.035[0.012]-0.020[0.009]	0.919[0.015]-0.047[0.008]-0.034[0.015]	0.867[0.017]-0.057[0.005]-0.045[0.003]-0.031[0.016]	0.740[0.195]/0.204[0.202]-0.056[0.037]	0.900[0.047]-0.068[0.044]-0.032[0.012]	0.885[0.017]-0.075[0.020]-0.041[0.005]	0.978[0.002]-0.022[0.002]	0.470[nan]-0.276[nan]-0.254[nan]	0.958[nan]-0.022[nan]-0.020[nan]	0.978[nan]-0.022[nan]	0.645[0.019]-0.156[0.020]-0.054[0.005]-0.032[0.007]-0.031[0.005]-0.030[0.007]-0.030[0.005]-0.022[0.005]	0.550[0.052]/0.450[0.052]	0.686[0.032]-0.154[0.021]-0.060[0.008]-0.046[0.008]-0.030[0.007]-0.024[0.007]	0.651[0.016]-0.173[0.008]-0.057[0.006]-0.053[0.004]-0.036[0.006]-0.030[0.006]	0.650[0.007]-0.174[0.006]-0.055[0.006]-0.054[0.003]-0.029[0.003]-0.023[0.002]-0.016[0.001]	0.826[0.024]-0.111[0.022]-0.031[0.006]-0.021[0.005]-0.012[0.003]	0.682[0.007]-0.135[0.001]-0.059[0.003]-0.039[0.000]-0.038[0.002]-0.026[0.007]-0.020[0.003]	0.729[0.023]-0.125[0.033]-0.091[0.003]-0.054[0.013]	0.828[0.016]-0.107[0.007]-0.041[0.008]-0.024[0.011]	0.897[0.006]-0.050[0.010]-0.034[0.011]-0.012[0.002]-0.007[0.001]	0.720[0.073]-0.083[0.029]-0.081[0.028]-0.040[0.014]-0.039[0.017]-0.036[0.010]	0.745[0.078]-0.085[0.035]-0.045[0.015]-0.042[0.018]-0.042[0.014]-0.041[0.014]	0.771[0.044]-0.139[0.024]-0.062[0.029]-0.028[0.010]	0.809[0.036]-0.084[0.015]-0.037[0.014]-0.037[0.009]-0.033[0.004]	0.839[0.000]-0.096[0.016]-0.028[0.005]-0.023[0.007]-0.015[0.004]	0.832[0.009]-0.059[0.004]-0.034[0.008]-0.030[0.004]-0.023[0.001]-0.011[0.006]-0.010[0.001]	0.861[0.034]-0.064[0.005]-0.032[0.014]-0.021[0.011]-0.012[0.007]-0.011[0.007]	0.878[nan]-0.076[nan]-0.030[nan]-0.015[nan]
